p0
0.3745  0.9507
1 0

p1
0.7320  0.5987
0 1

p2
0.1560  0.1560
1 0

p3
0.0581  0.8662
1 0

p4
0.6011  0.7081
0 1

p5
0.0206  0.9699
0 1

p6
0.8324  0.2123
0 1

p7
0.1818  0.1834
1 0

p8
0.3042  0.5248
0 1

p9
0.4319  0.2912
1 0

p10
0.6119  0.1395
1 0

p11
0.2921  0.3664
1 0

p12
0.4561  0.7852
1 0

p13
0.1997  0.5142
0 1

p14
0.5924  0.0465
0 1

p15
0.6075  0.1705
1 0

p16
0.0651  0.9489
1 0

p17
0.9656  0.8084
1 0

p18
0.3046  0.0977
0 1

p19
0.6842  0.4402
1 0

p20
0.1220  0.4952
1 0

p21
0.0344  0.9093
0 1

p22
0.2588  0.6625
0 1

p23
0.3117  0.5201
1 0

p24
0.5467  0.1849
0 1

p25
0.9696  0.7751
0 1

p26
0.9395  0.8948
1 0

p27
0.5979  0.9219
0 1

p28
0.0885  0.1960
1 0

p29
0.0452  0.3253
0 1

p30
0.3887  0.2713
1 0

p31
0.8287  0.3568
1 0

p32
0.2809  0.5427
1 0

p33
0.1409  0.8022
0 1

p34
0.0746  0.9869
1 0

p35
0.7722  0.1987
0 1

p36
0.0055  0.8155
1 0

p37
0.7069  0.7290
1 0

p38
0.7713  0.0740
0 1

p39
0.3585  0.1159
1 0

p40
0.8631  0.6233
1 0

p41
0.3309  0.0636
0 1

p42
0.3110  0.3252
1 0

p43
0.7296  0.6376
1 0

p44
0.8872  0.4722
1 0

p45
0.1196  0.7132
1 0

p46
0.7608  0.5613
0 1

p47
0.7710  0.4938
0 1

p48
0.5227  0.4275
1 0

p49
0.0254  0.1079
0 1

p50
0.0314  0.6364
1 0

p51
0.3144  0.5086
0 1

p52
0.9076  0.2493
1 0

p53
0.4104  0.7556
1 0

p54
0.2288  0.0770
1 0

p55
0.2898  0.1612
1 0

p56
0.9297  0.8081
1 0

p57
0.6334  0.8715
1 0

p58
0.8037  0.1866
0 1

p59
0.8926  0.5393
1 0

p60
0.8074  0.8961
0 1

p61
0.3180  0.1101
1 0

p62
0.2279  0.4271
0 1

p63
0.8180  0.8607
0 1

p64
0.0070  0.5107
0 1

p65
0.4174  0.2221
1 0

p66
0.1199  0.3376
1 0

p67
0.9429  0.3232
0 1

p68
0.5188  0.7030
1 0

p69
0.3636  0.9718
0 1

p70
0.9624  0.2518
1 0

p71
0.4972  0.3009
0 1

p72
0.2848  0.0369
0 1

p73
0.6096  0.5027
1 0

p74
0.0515  0.2786
0 1

p75
0.9083  0.2396
1 0

p76
0.1449  0.4895
0 1

p77
0.9857  0.2421
0 1

p78
0.6721  0.7616
1 0

p79
0.2376  0.7282
1 0

p80
0.3678  0.6323
1 0

p81
0.6335  0.5358
0 1

p82
0.0903  0.8353
1 0

p83
0.3208  0.1865
0 1

p84
0.0408  0.5909
0 1

p85
0.6776  0.0166
1 0

p86
0.5121  0.2265
1 0

p87
0.6452  0.1744
0 1

p88
0.6909  0.3867
0 1

p89
0.9367  0.1375
1 0

p90
0.3411  0.1135
1 0

p91
0.9247  0.8773
1 0

p92
0.2579  0.6600
1 0

p93
0.8172  0.5552
1 0

p94
0.5297  0.2419
0 1

p95
0.0931  0.8972
0 1

p96
0.9004  0.6331
0 1

p97
0.3390  0.3492
0 1

p98
0.7260  0.8971
1 0

p99
0.8871  0.7799
1 0

p100
0.6420  0.0841
1 0

p101
0.1616  0.8986
0 1

p102
0.6064  0.0092
0 1

p103
0.1015  0.6635
1 0

p104
0.0051  0.1608
1 0

p105
0.5487  0.6919
0 1

p106
0.6520  0.2243
0 1

p107
0.7122  0.2372
1 0

p108
0.3254  0.7465
1 0

p109
0.6496  0.8492
0 1

p110
0.6576  0.5683
1 0

p111
0.0937  0.3677
1 0

p112
0.2652  0.2440
1 0

p113
0.9730  0.3931
0 1

p114
0.8920  0.6311
0 1

p115
0.7948  0.5026
0 1

p116
0.5769  0.4925
0 1

p117
0.1952  0.7225
0 1

p118
0.2808  0.0243
0 1

p119
0.6455  0.1771
0 1

p120
0.9405  0.9539
1 0

p121
0.9149  0.3702
1 0

p122
0.0155  0.9283
1 0

p123
0.4282  0.9667
1 0

p124
0.9636  0.8530
1 0

p125
0.2944  0.3851
1 0

p126
0.8511  0.3169
1 0

p127
0.1695  0.5568
0 1

p128
0.9362  0.6960
0 1

p129
0.5701  0.0972
1 0

p130
0.6150  0.9901
1 0

p131
0.1401  0.5183
0 1

p132
0.8774  0.7408
1 0

p133
0.6970  0.7025
1 0

p134
0.3595  0.2936
0 1

p135
0.8094  0.8101
1 0

p136
0.8671  0.9132
0 1

p137
0.5113  0.5015
1 0

p138
0.7983  0.6500
0 1

p139
0.7020  0.7958
0 1

p140
0.8900  0.3380
0 1

p141
0.3756  0.0940
1 0

p142
0.5783  0.0359
0 1

p143
0.4656  0.5426
1 0

p144
0.2865  0.5908
1 0

p145
0.0305  0.0373
1 0

p146
0.8226  0.3602
1 0

p147
0.1271  0.5222
0 1

p148
0.7700  0.2158
0 1

p149
0.6229  0.0853
1 0

p150
0.0517  0.5314
1 0

p151
0.5406  0.6374
0 1

p152
0.7261  0.9759
1 0

p153
0.5163  0.3230
0 1

p154
0.7952  0.2708
1 0

p155
0.4390  0.0785
1 0

p156
0.0254  0.9626
0 1

p157
0.8360  0.6960
1 0

p158
0.4090  0.1733
0 1

p159
0.1564  0.2502
1 0

p160
0.5492  0.7146
1 0

p161
0.6602  0.2799
1 0

p162
0.9549  0.7379
0 1

p163
0.5544  0.6117
1 0

p164
0.4196  0.2477
1 0

p165
0.3560  0.7578
1 0

p166
0.0144  0.1161
1 0

p167
0.0460  0.0407
0 1

p168
0.8555  0.7037
0 1

p169
0.4742  0.0978
1 0

p170
0.4916  0.4735
0 1

p171
0.1732  0.4339
1 0

p172
0.3985  0.6159
1 0

p173
0.6351  0.0453
1 0

p174
0.3746  0.6259
0 1

p175
0.5031  0.8565
0 1

p176
0.6587  0.1629
0 1

p177
0.0706  0.6424
0 1

p178
0.0265  0.5858
0 1

p179
0.9402  0.5755
0 1

p180
0.3882  0.6433
0 1

p181
0.4583  0.5456
0 1

p182
0.9415  0.3861
0 1

p183
0.9612  0.9054
1 0

p184
0.1958  0.0694
0 1

p185
0.1008  0.0182
0 1

p186
0.0944  0.6830
0 1

p187
0.0712  0.3190
0 1

p188
0.8449  0.0233
0 1

p189
0.8145  0.2819
0 1

p190
0.1182  0.6967
0 1

p191
0.6289  0.8775
0 1

p192
0.7351  0.8035
0 1

p193
0.2820  0.1774
0 1

p194
0.7506  0.8068
0 1

p195
0.9905  0.4126
1 0

p196
0.3720  0.7764
1 0

p197
0.3408  0.9308
0 1

p198
0.8584  0.4290
0 1

p199
0.7509  0.7545
1 0
